288,5
288,4
288,3
288,2
288,1
288,0
0,564
287,4
287,3
287,2
287,1
287,0
286,3
286,2
286,1
286,0
285,5
285,4
285,3
285,2
285,1
285,0
284,4
284,3
284,2
284,1
284,0
283,3
283,2
283,1
283,0
282,5
282,4
282,3
282,2
282,1
282,0
281,4
281,3
281,2
281,1
281,0
280,3
280,2
280,1
280,0
279,5
279,4
279,3
279,2
279,1
279,0
0,563
278,4
278,3
278,2
278,1
278,0
277,3
277,2
277,1
277,0
276,3
276,2
276,1
276,0
275,3
275,2
275,1
275,0
274,3
274,2
274,1
274,0
273,5
273,4
273,3
273,2
273,1
273,0
0,562
272,4
272,3
272,2
272,1
272,0
271,3
271,2
271,1
271,0
270,3
270,2
270,1
270,0
269,3
269,2
269,1
269,0
0,561
268,4
268,3
268,2
268,1
268,0
267,4
267,3
267,2
267,1
267,0
266,4
266,3
266,2
266,1
266,0
265,3
265,2
265,1
265,0
0,560
264,5
264,4
264,3
264,2
264,1
264,0
263,4
263,3
263,2
263,1
263,0
262,3
262,2
262,1
262,0
0,559
261,5
261,4
261,3
261,2
261,1
261,0
0,558
260,4
260,3
260,2
260,1
260,0
259,3
259,2
259,1
259,0
258,5
258,4
258,3
258,2
258,1
258,0
257,4
257,3
257,2
257,1
257,0
256,3
256,2
256,1
256,0
255,5
255,4
255,3
255,2
255,1
255,0
254,4
254,3
254,2
254,1
254,0
253,3
253,2
253,1
253,0
252,3
252,2
252,1
252,0
251,3
251,2
251,1
251,0
250,3
250,2
250,1
250,0
249,5
249,4
249,3
249,2
249,1
249,0
0,557
248,4
248,3
248,2
248,1
248,0
247,3
247,2
247,1
247,0
246,3
246,2
246,1
246,0
245,3
245,2
245,1
245,0
244,4
244,3
244,2
244,1
244,0
243,4
243,3
243,2
243,1
243,0
242,4
242,3
242,2
242,1
242,0
241,3
241,2
241,1
241,0
0,556
240,5
240,4
240,3
240,2
240,1
240,0
0,555
239,4
239,3
239,2
239,1
239,0
238,3
238,2
238,1
238,0
237,5
237,4
237,3
237,2
237,1
237,0
236,4
236,3
236,2
236,1
236,0
235,3
235,2
235,1
235,0
234,5
234,4
234,3
234,2
234,1
234,0
233,4
233,3
233,2
233,1
233,0
232,3
232,2
232,1
232,0
0,554
0,553
0,552
231,5
231,4
231,3
231,2
231,1
231,0
230,4
230,3
230,2
230,1
230,0
229,3
229,2
229,1
229,0
228,3
228,2
228,1
228,0
227,3
227,2
227,1
227,0
226,3
226,2
226,1
226,0
0,551
225,5
225,4
225,3
225,2
225,1
225,0
0,550
0,549
224,4
224,3
224,2
224,1
224,0
223,3
223,2
223,1
223,0
222,3
222,2
222,1
222,0
221,3
221,2
221,1
221,0
220,4
220,3
220,2
220,1
220,0
219,4
219,3
219,2
219,1
219,0
218,4
218,3
218,2
218,1
218,0
217,3
217,2
217,1
217,0
0,548
0,547
0,546
0,545
0,544
216,5
216,4
216,3
216,2
216,1
216,0
215,4
215,3
215,2
215,1
215,0
214,3
214,2
214,1
214,0
213,5
213,4
213,3
213,2
213,1
213,0
212,4
212,3
212,2
212,1
212,0
211,3
211,2
211,1
211,0
210,5
210,4
210,3
210,2
210,1
210,0
0,543
209,4
209,3
209,2
209,1
209,0
208,3
208,2
208,1
208,0
0,542
207,5
207,4
207,3
207,2
207,1
207,0
